lr-AdamW:4e-05, step:0
train/loss_epoch:0.006396372802555561, train/loss/visible_epoch:0.006342729553580284, train/loss/center_epoch:0.0005364298704080284, epoch:18, step:0
train/metrics/iou@0.40:0.5433806777000427, train/metrics/iou@0.50:0.45270270109176636, train/metrics/iou_with_occlusions@0.40:0.4469382166862488, train/metrics/iou_with_occlusions@0.50:0.3459915518760681, val/loss:0.012433581054210663, val/loss/visible:0.012369902804493904, val/loss/center:0.000636803510133177, val/metrics/iou@0.40:0.37664535641670227, val/metrics/iou@0.50:0.36528560519218445, val/metrics/iou_with_occlusions@0.40:0.34114784002304077, val/metrics/iou_with_occlusions@0.50:0.3062397837638855, epoch:17, step:1
