lr-AdamW:4e-05, step:0
train/loss_epoch:0.006396431941539049, train/loss/visible_epoch:0.006342788226902485, train/loss/center_epoch:0.0005364373209886253, epoch:18, step:0
train/metrics/iou@0.40:0.5432791113853455, train/metrics/iou@0.50:0.45246970653533936, train/metrics/iou_with_occlusions@0.40:0.44687628746032715, train/metrics/iou_with_occlusions@0.50:0.3458292782306671, val/loss:0.012433619238436222, val/loss/visible:0.012369935400784016, val/loss/center:0.000636803568340838, val/metrics/iou@0.40:0.3766449987888336, val/metrics/iou@0.50:0.3652842342853546, val/metrics/iou_with_occlusions@0.40:0.34114786982536316, val/metrics/iou_with_occlusions@0.50:0.306239515542984, epoch:17, step:1
